// Unknown case where from the change feed, page_id does not exist in our DB but rev_id already exist in our DB.
page_id, revision_id
13000182, 665465863
2346678, 665465830
46762458, 665465844
14505079, 665465843
46512272, 665465886
46890426, 665465881
2613256, 665465895
46872147, 665465913
34128559, 665465941
19167840, 665465946
9890708, 665465945
46890450, 665465947
19167840, 665465946
46788793, 665465987
19655122, 665465998
43691978, 665465999
46890476, 665466034
773245, 665466079
432926, 665466078
82872, 665466084
46878450, 665466114
46890482, 665466149
44789934, 665466148
46890485, 665466179
38501664, 665466180
16927404, 665466209
26554109, 665466234
10689151, 665466232
46890388, 665466235
45316030, 665466260
46287214, 665466277
46888473, 665466278
46890491, 665466304
3748536, 665466306
42731195, 665466305
46870567, 665466317
432926, 665466328
42319827, 665466354
46805211, 665466352
43691978, 665466375
1887709, 665466377
45043227, 665466393
3077411, 665466410
1896918, 665466434
46870357, 665466462
46402032, 665466458
45667484, 665466459
46870357, 665466462
1729444, 665466512
46553400, 665466529
2277733, 665466528
31396771, 665466530
17681456, 665466531
21093109, 665466532
1044439, 665466542
46402032, 665466554
561555, 665466555
46890438, 665466580
5231544, 665466581
46370648, 665466644
8654601, 665466643
46890507, 665466665
46890509, 665466669
46890484, 665466683
723339, 665466685
46406388, 665466705
37431966, 665466723
357918, 665466724
5130415, 665466806
40341346, 665466805
46870400, 665466852
46870400, 665466852
2406118, 665466855
41408161, 665466875
45099409, 665466880
46890168, 665466906
21185113, 665466904
44169071, 665466905
21767033, 665466942
27948043, 665466943
45667484, 665467016
46890525, 665467046
46890524, 665467062
523574, 665467095
41408161, 665467108
2864311, 665467182
46870494, 665467195
46882474, 665467223
4485085, 665467224
1094676, 665467273
1380241, 665467310
35674269, 665467340
46890540, 665467365
46870555, 665467381
2406012, 665467370
46870555, 665467381
15114138, 665467396
1795571, 665467397
